── Data Summary ────────────────────────
                           Values          
Name                       full_data_filter
Number of rows             2786            
Number of columns          118             
_______________________                    
Column type frequency:                     
  character                1               
  numeric                  117             
________________________                   
Group variables            None            

── Variable type: character ───────────────────────────────────────────────────────────────────────────────────────────────────────────────────────────
  skim_variable n_missing complete_rate min max empty n_unique whitespace
1 Country.Code          0             1   3   3     0      121          0

── Variable type: numeric ─────────────────────────────────────────────────────────────────────────────────────────────────────────────────────────────
    skim_variable               n_missing complete_rate      mean       sd       p0      p25      p50      p75     p100 hist   
  1 year                                0        1        2.01e+3  7.76e+0  2.00e+3  2.00e+3  2.01e+3  2.02e+3  2.02e+3 "▅▆▇▆▇"
  2 Coal_Current_MW                     0        1        1.50e+4  7.40e+4  0        0        8   e+2  4.9 e+3  1.10e+6 "▇▁▁▁▁"
  3 Coal_AnnualMtCO2                    0        1        7.66e+1  3.58e+2  0        0        4.5 e+0  2.56e+1  4.97e+3 "▇▁▁▁▁"
  4 Coal_Peak_MW                        0        1        1.56e+4  7.50e+4  0        0        9   e+2  5.28e+3  1.10e+6 "▇▁▁▁▁"
  5 Coal_Ret_MW                         0        1        8.00e+2  6.03e+3  0        0        0        0        1.07e+5 "▇▁▁▁▁"
  6 Coal_EarlyRet_MW                    0        1        2.05e+2  2.64e+3  0        0        0        0        5.90e+4 "▇▁▁▁▁"
  7 Coal_Tran_MW                        0        1        2.91e+2  2.49e+3  0        0        0        0        5.95e+4 "▇▁▁▁▁"
  8 Coal_duration_year                  0        1        2.73e+1  2.51e+1  0        0        2.8 e+1  4.9 e+1  9.5 e+1 "▇▃▅▂▁"
  9 Coal_Share_Ret                      0        1        2.82e+0  1.06e+1  0        0        0        0        1   e+2 "▇▁▁▁▁"
 10 Coal_Share_EarlyRet                 0        1        3.60e-1  3.37e+0  0        0        0        0        1   e+2 "▇▁▁▁▁"
 11 Coal_Share_Tran                     0        1        1.22e+0  5.36e+0  0        0        0        0        5   e+1 "▇▁▁▁▁"
 12 Coal_Share_PhasedOut                0        1        3.81e+0  1.35e+1  0        0        0        0        1   e+2 "▇▁▁▁▁"
 13 Coal_logCurrent_MW                  0        1        5.25e+0  4.11e+0  0        0        6.68e+0  8.50e+0  1.39e+1 "▇▂▆▆▁"
 14 Gas_Current_MW                      0        1        1.11e+4  4.07e+4  0        3.6 e+2  2.31e+3  8.30e+3  5.46e+5 "▇▁▁▁▁"
 15 Gas_duration_year                   0        1        2.76e+1  2.08e+1  0        1   e+1  2.7 e+1  4.1 e+1  9.8 e+1 "▇▇▅▁▁"
 16 Gas_Peak_MW                         0        1        1.11e+4  4.07e+4  0        3.6 e+2  2.31e+3  8.30e+3  5.46e+5 "▇▁▁▁▁"
 17 Gas_Ret_MW                          0        1        1.59e+1  2.28e+2  0        0        0        0        5.90e+3 "▇▁▁▁▁"
 18 Gas_EarlyRet_MW                     0        1        5.90e+0  6.64e+1  0        0        0        0        1.50e+3 "▇▁▁▁▁"
 19 Gas_Share_Ret                       0        1        8.96e-2  1.32e+0  0        0        0        0        3.25e+1 "▇▁▁▁▁"
 20 Gas_Share_EarlyRet                  0        1        5.73e-2  1.18e+0  0        0        0        0        3.25e+1 "▇▁▁▁▁"
 21 Gas_Share_PhasedOut                 0        1        0        0        0        0        0        0        0       "▁▁▇▁▁"
 22 Gas_logCurrent_MW                   0        1        6.98e+0  3.07e+0  0        5.89e+0  7.75e+0  9.02e+0  1.32e+1 "▂▁▆▇▁"
 23 Share_Solar_Gen                     3        0.999    7.41e-3  2.07e-2  0        0        0        2.57e-3  2.57e-1 "▇▁▁▁▁"
 24 Share_Wind_Gen                      0        1        2.02e-2  5.45e-2  0        0        1.24e-4  1.11e-2  5.68e-1 "▇▁▁▁▁"
 25 Share_Nuclear_Gen                 164        0.941    8.02e-2  1.65e-1  0        0        0        4.34e-2  8.76e-1 "▇▁▁▁▁"
 26 Share_Gas_Gen                     113        0.959    3.08e-1  3.11e-1  0        4.16e-2  1.92e-1  4.90e-1  1   e+0 "▇▃▂▁▂"
 27 Share_Coal_Gen                    113        0.959    2.12e-1  2.59e-1  0        0        1.03e-1  3.50e-1  1   e+0 "▇▂▁▁▁"
 28 Coal_Gen_Decline_Perc               0        1        7.24e+0  1.88e+1  0        0        0        0        9.98e+1 "▇▁▁▁▁"
 29 Gas_Gen_Decline_Perc                0        1        4.01e+0  1.31e+1  0        0        0        0        9.08e+1 "▇▁▁▁▁"
 30 rate_coal_gen_5y                  240        0.914    5.04e-1  1.68e+0 -6.41e+0  0        0        0        1.82e+1 "▁▇▁▁▁"
 31 rate_coal_share_5y                240        0.914    1.84e-1  7.19e-1 -3.73e+0  0        0        0        6.09e+0 "▁▇▂▁▁"
 32 rate_coal_cap_5y                  240        0.914    3.25e-1  1.25e+0 -2.10e+0  0        0        0        1.95e+1 "▇▁▁▁▁"
 33 rate_gas_gen_5y                   240        0.914    1.90e-1  1.46e+0 -1.09e+1  0        0        0        1.66e+1 "▁▇▁▁▁"
 34 rate_gas_share_5y                 240        0.914   -3.56e-2  7.15e-1 -5.68e+0  0        0        0        6.11e+0 "▁▁▇▁▁"
 35 Share_VRE_Gen                       0        1        2.76e-2  6.49e-2  0        0        9.25e-4  2.11e-2  6.09e-1 "▇▁▁▁▁"
 36 Survey_Worry_.                   2687        0.0355   7.70e+1  1.03e+1  5.02e+1  7.06e+1  7.8 e+1  8.53e+1  9.5 e+1 "▂▃▇▇▆"
 37 Survey_Belief_.                  2687        0.0355   4.49e+1  1.03e+1  1.6 e+1  3.77e+1  4.6 e+1  5.31e+1  6.53e+1 "▁▃▇▇▃"
 38 Survey_FutureGen_.               2687        0.0355   5.81e+1  1.38e+1  2.5 e+1  4.86e+1  6.04e+1  6.8 e+1  8.30e+1 "▂▃▅▇▃"
 39 Survey_Personal_.                2687        0.0355   2.97e+1  1.48e+1  3.14e+0  1.87e+1  2.79e+1  3.85e+1  6.08e+1 "▂▇▆▃▃"
 40 Survey_FossilMore_.              2687        0.0355   2.49e+1  1.21e+1  6.74e+0  1.36e+1  2.4 e+1  3.58e+1  5.47e+1 "▇▆▅▅▂"
 41 Survey_FossilLess_.              2687        0.0355   5.08e+1  1.66e+1  2.02e+1  3.6 e+1  5.3 e+1  6.51e+1  7.93e+1 "▆▃▆▇▅"
 42 GDPpc_2015.                       120        0.957    1.64e+4  1.83e+4  3.18e+2  3.30e+3  7.78e+3  2.57e+4  9.88e+4 "▇▂▁▁▁"
 43 GDPpc_2017.                       169        0.939    2.49e+4  2.11e+4  9.73e+2  9.15e+3  1.75e+4  3.78e+4  1.58e+5 "▇▃▁▁▁"
 44 Population                         61        0.978    5.95e+7  1.80e+8  3.85e+5  5.03e+6  1.18e+7  4.57e+7  1.41e+9 "▇▁▁▁▁"
 45 WDI_Manu_GDP_.                    289        0.896    1.48e+1  6.21e+0  3.97e-1  1.07e+1  1.44e+1  1.80e+1  4.99e+1 "▃▇▂▁▁"
 46 WDI_CoalRents_.                   130        0.953    2.23e-1  9.61e-1  0        0        3.42e-4  6.93e-2  2.59e+1 "▇▁▁▁▁"
 47 WDI_OilRents_.                    134        0.952    4.82e+0  1.04e+1  0        1.12e-2  2.92e-1  3.17e+0  6.52e+1 "▇▁▁▁▁"
 48 WDI_NGRents_.                     123        0.956    9.39e-1  2.85e+0  0        1.65e-4  5.67e-2  7.03e-1  5.50e+1 "▇▁▁▁▁"
 49 WDI_NG_El_.                        81        0.971    3.12e+1  3.15e+1  0        4.15e+0  1.97e+1  4.95e+1  1   e+2 "▇▃▂▁▂"
 50 WDI_Coal_El_.                      81        0.971    2.09e+1  2.61e+1  0        0        9.18e+0  3.45e+1  1   e+2 "▇▂▁▁▁"
 51 WDI_Fossil_El_.                   815        0.707    6.44e+1  3.03e+1  0        4.10e+1  6.89e+1  9.18e+1  1   e+2 "▂▃▃▃▇"
 52 logGDPpc                          169        0.939    9.74e+0  9.44e-1  6.88e+0  9.12e+0  9.77e+0  1.05e+1  1.20e+1 "▁▃▇▇▂"
 53 BP_GasReserve_tM3                 954        0.658    1.10e+0  4.27e+0  0        0        0        4.59e-1  3.79e+1 "▇▁▁▁▁"
 54 BP_GasProduction_bM3              918        0.670    3.40e+1  1.05e+2  0        0        0        2.67e+1  9.34e+2 "▇▁▁▁▁"
 55 BP_CoalProduction_mTon            803        0.712    8.77e+1  3.64e+2  0        0        0        2.98e+1  4.13e+3 "▇▁▁▁▁"
 56 BP_CoalReserve_mTon               334        0.880    8.44e+3  3.23e+4  0        0        1.5 e+1  8.72e+2  2.52e+5 "▇▁▁▁▁"
 57 BP_GasR2P_yr                      954        0.658    1.90e+1  5.77e+1  0        0        0        1.64e+1  1.02e+3 "▇▁▁▁▁"
 58 BP_CoalR2P_yr                     978        0.649    1.16e+2  4.52e+2  0        0        0        8.67e+1  1.24e+4 "▇▁▁▁▁"
 59 LogBP_GasR2P_yr                   137        0.951    9.20e-1  1.55e+0  0        0        0        2.18e+0  6.93e+0 "▇▁▂▁▁"
 60 HHI_Gas_Import                    250        0.910    7.09e-1  3.19e-1  0        4.58e-1  8.35e-1  1.00e+0  1   e+0 "▁▂▂▂▇"
 61 contiguity_Gas_Import             250        0.910    3.41e-1  4.28e-1  0        0        2.89e-2  9.05e-1  1   e+0 "▇▁▁▁▃"
 62 agree_Gas_Import                  250        0.910    7.36e-1  3.96e-1  0        4.74e-1  1.00e+0  1   e+0  1   e+0 "▂▁▁▁▇"
 63 sanction_Gas_Import               250        0.910    5.81e-2  2.18e-1  0        0        0        0        1   e+0 "▇▁▁▁▁"
 64 common_language_Gas_Import        250        0.910    5.94e-1  4.47e-1  0        1.52e-2  9.05e-1  1   e+0  1   e+0 "▅▁▁▁▇"
 65 colony_Gas_Import                 250        0.910    1.21e-1  3.00e-1  0        0        0        3.23e-7  1   e+0 "▇▁▁▁▁"
 66 HHI_Gas_Export                    250        0.910    5.63e-1  3.97e-1  0        1.68e-1  5.77e-1  9.97e-1  1   e+0 "▅▂▃▂▇"
 67 contiguity_Gas_Export             250        0.910    3.68e-1  4.50e-1  0        0        3.56e-3  9.88e-1  1   e+0 "▇▁▁▁▅"
 68 agree_Gas_Export                  250        0.910    6.63e-1  4.52e-1  0        0        1.00e+0  1   e+0  1   e+0 "▃▁▁▁▇"
 69 sanction_Gas_Export               250        0.910    2.99e-2  1.57e-1  0        0        0        0        1   e+0 "▇▁▁▁▁"
 70 common_language_Gas_Export        250        0.910    5.05e-1  4.51e-1  0        0        5.22e-1  1   e+0  1   e+0 "▇▁▁▁▇"
 71 colony_Gas_Export                 250        0.910    3.84e-2  1.69e-1  0        0        0        0        1   e+0 "▇▁▁▁▁"
 72 NetValue_Gas_Import               250        0.910    1.57e+4  7.51e+6 -6.86e+7 -6.47e+4  1.98e+4  6.16e+5  7.16e+7 "▁▁▇▁▁"
 73 NetQuantity_Gas_Import            250        0.910    6.79e+4  2.52e+7 -3.61e+8 -1.93e+5  3.62e+4  2.57e+6  3.62e+8 "▁▁▇▁▁"
 74 HHI_Coal_Import                   128        0.954    5.77e-1  2.78e-1  0        3.34e-1  5.22e-1  8.60e-1  1   e+0 "▂▇▆▃▇"
 75 contiguity_Coal_Import            128        0.954    2.75e-1  3.90e-1  0        0        1.51e-2  5.82e-1  1   e+0 "▇▁▁▁▂"
 76 agree_Coal_Import                 128        0.954    6.96e-1  3.61e-1  0        4.11e-1  8.88e-1  1.00e+0  1   e+0 "▂▁▁▂▇"
 77 sanction_Coal_Import              128        0.954    3.86e-2  1.37e-1  0        0        0        1.42e-5  1   e+0 "▇▁▁▁▁"
 78 common_language_Coal_Import       128        0.954    5.93e-1  4.20e-1  0        8.43e-2  7.86e-1  9.99e-1  1   e+0 "▅▁▁▁▇"
 79 colony_Coal_Import                128        0.954    1.09e-1  2.76e-1  0        0        0        1.85e-3  1   e+0 "▇▁▁▁▁"
 80 HHI_Coal_Export                   128        0.954    5.09e-1  3.63e-1  0        1.94e-1  4.98e-1  9.07e-1  1   e+0 "▇▅▅▃▇"
 81 contiguity_Coal_Export            128        0.954    3.53e-1  4.16e-1  0        0        6.98e-2  8.39e-1  1   e+0 "▇▁▁▁▃"
 82 agree_Coal_Export                 128        0.954    7.06e-1  4.20e-1  0        2.60e-1  9.98e-1  1   e+0  1   e+0 "▃▁▁▁▇"
 83 sanction_Coal_Export              128        0.954    2.36e-2  1.18e-1  0        0        0        0        1   e+0 "▇▁▁▁▁"
 84 common_language_Coal_Export       128        0.954    4.84e-1  4.28e-1  0        1.34e-4  4.47e-1  9.85e-1  1   e+0 "▇▂▂▂▇"
 85 colony_Coal_Export                128        0.954    5.10e-2  1.91e-1  0        0        0        0        1   e+0 "▇▁▁▁▁"
 86 NetValue_Coal_Import              128        0.954   -8.58e+3  4.63e+6 -5.26e+7  1.07e+2  2.20e+4  2.48e+5  2.83e+7 "▁▁▁▇▁"
 87 NetQuantity_Coal_Import           128        0.954   -1.57e+5  5.39e+7 -5.22e+8  8.55e+2  3.50e+5  3.86e+6  3.15e+8 "▁▁▁▇▁"
 88 l1                               1797        0.355    7.92e-1  4.06e-1  0        1   e+0  1   e+0  1   e+0  1   e+0 "▂▁▁▁▇"
 89 l2                               1797        0.355    3.24e-1  4.68e-1  0        0        0        1   e+0  1   e+0 "▇▁▁▁▃"
 90 j                                1797        0.355    4.54e-1  4.98e-1  0        0        0        1   e+0  1   e+0 "▇▁▁▁▆"
 91 f                                1797        0.355    1.14e-1  3.18e-1  0        0        0        0        1   e+0 "▇▁▁▁▁"
 92 aligne_l1                        1679        0.397    7.51e-1  4.33e-1  0        1   e+0  1   e+0  1   e+0  1   e+0 "▂▁▁▁▇"
 93 aligne_l2                        2142        0.231    3.54e-1  4.79e-1  0        0        0        1   e+0  1   e+0 "▇▁▁▁▅"
 94 alignl1_l2                       2142        0.231    4.49e-1  4.98e-1  0        0        0        1   e+0  1   e+0 "▇▁▁▁▆"
 95 aligne_j                         2786        0      NaN       NA       NA       NA       NA       NA       NA       " "    
 96 R_IndepProducer                    75        0.973    7.04e-1  4.57e-1  0        0        1   e+0  1   e+0  1   e+0 "▃▁▁▁▇"
 97 R_Private                          75        0.973    5.26e-1  4.99e-1  0        0        1   e+0  1   e+0  1   e+0 "▇▁▁▁▇"
 98 R_Unbundle                         75        0.973    6.22e-1  4.85e-1  0        0        1   e+0  1   e+0  1   e+0 "▅▁▁▁▇"
 99 R_WholeSale                        75        0.973    4.74e-1  4.99e-1  0        0        0        1   e+0  1   e+0 "▇▁▁▁▇"
100 R_IndepReg                         75        0.973    7.21e-1  4.49e-1  0        0        1   e+0  1   e+0  1   e+0 "▃▁▁▁▇"
101 R_Choice                           75        0.973    3.07e-1  4.61e-1  0        0        0        1   e+0  1   e+0 "▇▁▁▁▃"
102 R_Liberalization                   75        0.973    7.99e-1  4.01e-1  0        1   e+0  1   e+0  1   e+0  1   e+0 "▂▁▁▁▇"
103 R_Corp                             75        0.973    7.60e-1  4.27e-1  0        1   e+0  1   e+0  1   e+0  1   e+0 "▂▁▁▁▇"
104 StateCapacity                     844        0.697    9.31e-1  8.63e-1 -1.44e+0  2.87e-1  7.79e-1  1.59e+0  2.96e+0 "▁▅▇▆▂"
105 StateCapacity_sd                  844        0.697    3.26e-1  3.28e-2  2.54e-1  2.93e-1  3.39e-1  3.48e-1  4.51e-1 "▅▃▇▁▁"
106 tax_inc_tax                       944        0.661    3.73e-1  1.46e-1  0        2.66e-1  3.66e-1  4.69e-1  9.59e-1 "▂▇▆▁▁"
107 tax_trade_tax                     945        0.661    1.06e-1  1.61e-1 -1.03e-1  7.81e-3  4.71e-2  1.29e-1  1.00e+0 "▇▂▁▁▁"
108 taxrev_gdp                        911        0.673    1.83e-1  8.27e-2  3.01e-3  1.29e-1  1.87e-1  2.37e-1  4.81e-1 "▃▇▇▁▁"
109 WG_GovEff                         154        0.945    2.30e-1  9.73e-1 -2.35e+0 -4.94e-1  1.07e-1  9.84e-1  2.43e+0 "▁▅▇▅▃"
110 WG_Reg                            154        0.945    2.02e-1  1.02e+0 -2.53e+0 -4.55e-1  1.92e-1  1.01e+0  2.26e+0 "▁▃▇▇▃"
111 WG_Voice                          154        0.945    1.34e-2  1.04e+0 -2.31e+0 -8.35e-1  8.66e-2  9.56e-1  1.80e+0 "▃▆▇▇▇"
112 num_supply_policy                   0        1        3.09e+0  3.69e+0  0        0        2   e+0  5   e+0  2.2 e+1 "▇▂▁▁▁"
113 binary_airqual                      0        1        3.40e-1  4.74e-1  0        0        0        1   e+0  1   e+0 "▇▁▁▁▅"
114 ghg_ambition_n                      0        1        3.68e-1  4.82e-1  0        0        0        1   e+0  1   e+0 "▇▁▁▁▅"
115 cw_2030                             0        1        3.27e-1  4.69e-1  0        0        0        1   e+0  1   e+0 "▇▁▁▁▃"
116 annex_one                           0        1        3.50e-1  4.77e-1  0        0        0        1   e+0  1   e+0 "▇▁▁▁▅"
117 annex_two                           0        1        2.07e-1  4.06e-1  0        0        0        0        1   e+0 "▇▁▁▁▂"
